-58.233494295
-157.031487929
-85.676209467
-142.988773392
-60.7564872096
-63.3411798233
-129.777209604
-86.9243188055
-70.7852430741
-35.0648723736
-41.3443927598
-89.2625159338
-61.4462326671
-228.932369724
-63.255863
-93.695853279
-46.8897117445
-104.805508094
-104.656952876
-87.5756530166
-97.9840024239
-124.20193931
-136.541948589
-89.2994056679
-107.629773834
-53.2560138569
-5.75487018903
-20.5901930707
-66.8939977298
-49.4262511038
-44.9524726148
-32.1037576527
-65.4102329537
-14.9571070486
-36.1359896623
-54.8585045331
-33.7214919361
-13.427996423
-97.5247100831
-64.4822316315
-65.7242025771
-98.7995990143
-107.681461992
-59.4808160505
-105.439587808
-309.820143018
-43.8468449005
-24.2591487545
-57.8971481077
-42.0419147907
-66.7325165986
-98.958393462
-52.402187228
-55.3880772994
-82.2913170825
-142.428044033
-71.3175115141
-102.072642516
-98.7088024524
-78.0011430385
-81.6318810165
-147.352018528
-88.6421109562
-43.1585425622
-62.0969328227
-56.1780969948
-74.5392817042
-104.442058993
-133.567383479
-52.0909647086
-58.5824550102
-122.005431127
-130.887582528
-98.2242242608
-27.595122641
-51.9672085689
-49.58941992
-36.4898353485
-61.9751547809
-46.4739409142
-35.629904705
-106.158959034
-45.6512257528
-55.7294728667
-90.5141217157
-25.7466198681
-30.49292055
-24.1905236334
-49.65058011
-117.284818764
-43.1965414332
-53.7963154501
-102.956536995
-90.1336043392
-70.5221295481
-101.215704994
-57.5337071276
-97.1948286781
-67.5079300377
-34.8760784456
-120.84458325
-64.1102477628
-65.681210145
-74.0972227087
-92.7137334112
-79.6061377764
-61.0620992369
-150.923106296
-149.687578817
-89.3203178399
-48.1206156394
-93.8731645878
-43.8395130086
-71.526688207
-22.4783073471
-56.7871379011
-65.7668687448
-94.7814520212
-54.965579573
-10.786470386
-21.3551631641
-76.8003398705
-97.2943362392
-83.6280265959
-10.080373886
-86.7745093429
-85.1864890142
-53.0112652138
-123.101109521
-107.138535563
-100.479692503
-131.516497618
-58.1678038186
-102.863767669
-75.0834574098
-80.0283969022
-93.8812148355
-66.2141907462
-38.389550425
-44.3212474358
-117.06397253
-118.466080135
-40.8689098038
-59.4820827635
-77.5039684236
-102.555964765
-55.2978710603
-39.3211655406
-12.662663956
-23.4505954893
-78.7107004841
-116.266012648
-22.8309882037
-66.157723426
-41.4469832292
-131.332763974
-39.4111165788
-40.6467301189
-70.7080779198
-62.2705730951
-35.8596772701
-68.8944280502
-46.1368704234
-55.3834297585
-152.587656323
-66.994757988
-102.101475754
-103.43568542
-107.618563736
-69.7045550381
-107.066207119
-67.5774066351
-97.5817832069
-65.2494773464
-123.317202993
-38.2902941704
-85.5500109817
-94.5318671647
-64.4481125551
-44.9808317011
-63.7413589196
-46.2502719601
-69.8458242121
-66.2941207592
-32.0440225831
-78.7511502377
-28.6143816002
-135.042539208
-133.445007183
-117.850014136
-82.3944969496
-163.56826166
-106.98458548
-84.125177666
-48.8918969565
-26.1813394672
-81.1432205165
-40.8129729415
-139.727814498
-59.0331096652
-21.4161850355
-78.6550546527
-48.5791095092
-212.520328164
-46.4317340498
-107.661525302
-169.553343834
-76.0263843285
-17.068430005
-97.4637369879
-137.591882284
-150.507438894
-78.1910774057
-22.7666407901
-110.188618901
-82.6287461481
-70.4207831257
-43.3363338669
-150.435013558
-118.58817146
-17.3603319551
-71.1956772941
-51.5406299139
-181.736960824
-45.745852187
-107.81665416
-34.4790968366
-34.35172339
-75.2260344109
-203.054945491
-101.213398721
-28.6674588543
-43.3598911017
-25.058114381
-21.928219244
-32.30933455
-81.269775027
-79.2852425119
-77.7309427238
-83.9979470058
-77.5452291454
-86.2710405857
-66.0389330853
-67.6958777374
-103.147236783
-57.7374905296
-24.436765833
-88.6648496385
-38.8160912698
-52.1873494513
-21.8025799316
-77.4889632697
-99.0367525935
-114.981697597
-31.3266319823
-42.2286442985
-28.9509043209
-82.1517287777
-52.1685250621
-97.1556171399
-72.6583546391
-39.4464925139
-36.3780611789
-70.7802265201
-146.992054663
-69.6169544298
-108.220719436
-99.8783857688
-94.9837471259
-125.988930578
-173.873593048
-132.625711772
-73.6668548995
-150.821932401
-98.63776434
-99.934240109
-103.098817271
-34.0376633007
-165.497782649
-103.27126133
-170.556779713
-135.488443485
-173.709882209
-136.791582631
-155.026080695
-227.600563929
-120.299687672
-51.2090048052
-69.8018134344
-110.758523383
-122.526975812
-54.3818905647
-41.3199893257
-63.1344930187
-128.59083707
-75.3485282351
-50.5073245983
-77.5420587531
-144.060880622
-47.750872768
-54.5350945902
-73.8727220904
-98.8599294833
-67.5404244211
-81.2762827977
-63.6190802624
-146.792170386
-72.7741530066
-67.2796908724
-156.028293335
-48.9301051988
-77.562601533
-140.759737546
-136.552330836
-25.8646103739
-17.9665225581
-27.0433266318
-49.7657289945
-87.5044739354
-47.9619304485
-35.210089163
-102.084847051
-50.0476601786
-85.8008260092
-12.6190141609
-101.016326023
-29.6377179628
-116.16240517
-89.6953747401
-110.942046937
-70.051582278
-83.4132884512
-58.0462431221
-71.3803694187
-129.761384272
-94.1105181867
-189.740149802
-106.934504019
-96.5099283729
-66.3728682419
-69.582205909
-97.4498346006
-21.6951762136
-84.8833116264
-33.4297819955
-121.175218822
-108.788261068
-73.4599722746
-39.7026573342
-94.0843129446
-3.81156502366
-154.965978969
-53.8347971933
-93.7742252427
-95.3796928282
-187.98299726
-66.5337322425
-25.3519655539
-83.8989248081
-84.3961879402
-153.95920653
-80.8999771154
-62.3440165253
-42.7453981174
-125.449092361
-90.1711847208
-22.2409512937
-86.2376965582
-118.085440188
-139.929035987
-48.4395399359
-131.815398335
-118.211436604
-48.1019463232
-76.1680320349
-90.2094527309
-112.423340483
-88.0994031512
-75.4496401197
-159.855992164
-40.2023676365
-72.7376890897
-116.63153626
-75.572416719
-152.668931809
-76.677778575
-64.3881581744
-86.5506686893
-23.5434012243
-55.3968815226
-34.6697157985
-46.1586709681
-106.761979005
-81.1445084069
-172.459657545
-124.62629573
-126.941360905
-43.8417388012
-121.450242426
-122.76688541
-130.107160892
-118.098073514
-89.3650914407
-70.9840385228
-154.563647577
-59.2571464864
-83.3729989479
-65.6484888943
-114.807895259
-60.901723673
-57.6247939696
-126.260900199
-125.41368494
-74.3262731082
-128.773669865
-42.1736630051
-105.138448956
-176.70725672
-93.6406917574
-42.8254428624
-106.964293083
-46.4750789625
-31.5046236103
-55.1540270886
-135.733421151
-115.048991292
-60.0872278776
-76.7681288978
-138.510573823
-98.2325807777
-121.899629154
-70.844685284
-44.0989596401
-1.89275497451
-102.573492972
-71.6300598934
-52.6411089837
-125.820098335
-44.0522207383
-33.0719743133
-43.3460456309
-124.136381981
-97.3838884901
-85.3885692144
-85.6701850076
-73.6063412551
-91.8826908114
-81.6798938127
-149.083696185
-82.0627470781
-273.095997097
-67.4580580975
-113.217331879
-20.608368362
-73.1019800331
-88.9289896811
-124.542259384
-84.4360681278
-62.8237987603
-80.2872635428
-1.38062939696
-75.0353145304
-22.8190091135
-68.2077043694
-46.6367480004
-109.55635744
-102.933267476
-88.3536506881
-66.8487256111
-77.4849279126
-84.5361114243
-130.219080814
-153.488488994
-6.65815817509
-66.9755106901
-67.3234173343
-84.1280997032
-49.8592684095
-66.3241894132
-40.0981187423
-26.6546641158
-74.1297854954
-120.350181123
-143.150768035
-111.48239512
-102.321966473
-38.0527355154
-75.6225327865
-94.5600497498
-62.6803994062
-62.549617265
-58.6955968006
-111.078457332
-60.6037350637
-71.5789107011
-140.942911098
-47.4730345046
-63.4865131047
-44.5894253098
-44.0349542432
-112.323406583
-94.8319457554
-55.0655914125
-96.7368224322
-92.3617930581
-33.9151426637
-68.5367298208
-97.4459303419
-75.2998828322
-71.2442242556
-75.175647782
-23.6259249458
-80.9616244619
-70.0246406412
-104.865101738
-85.7040928932
-45.5868059289
-84.6839351941
-86.2454648278
-82.4530891076
-124.998755194
-72.1254029851
-64.1969041633
-63.9757407065
-69.0576010044
-113.205102488
-63.932229093
-232.40537696
-61.7144405275
-64.6412248615
-36.1671153476
-90.360077467
-48.4137006926
-41.3653624697
-71.6657109872
-39.8910648905
-17.6287584333
-100.230645609
-70.0839604486
-92.4108349794
-45.5575681332
-37.3912806019
-57.5027849917
-63.7526569413
-80.1665459628
-13.9933934606
-74.0727805245
-17.3627868484
-46.6162490698
-50.9132572979
-124.922098348
-33.5184340939
-62.746617443
-101.135665626
-41.1839016512
-53.553406057
-35.8769825085
-62.3590798153
-31.5049212892
-105.699658275
-30.8409202579
-77.7578134704
-59.9187399638
-77.8344696139
-101.022160944
-61.9191109185
-94.2063826632
-21.7998211436
-67.6257127427
-107.425493188
-165.690051071
-56.5213702087
-18.2883099273
-27.5113172721
-57.1666299074
-12.650306349
-5.91844480132
-15.4564979188
-121.280469734
-55.9698420425
-83.1696786969
-127.80064242
-44.2186138487
-56.0095073832
-78.7529335962
-49.4736249879
-65.3593741836
-33.6052823924
-103.591111492
-103.127356279
-139.713329397
-42.7333260651
-107.653278662
-71.9877295254
-55.1274233723
-121.2571788
-72.0892286033
-66.2681252914
-71.2434795878
-152.414784249
-11.0664009892
-82.6443771453
-40.8557144135
-15.7855152395
-134.373436928
-33.1402465263
-24.739137744
-59.075977792
-56.6873977041
-69.5462986071
-112.621247987
-84.9736552586
-17.9483139053
-89.0472302654
-51.6342920094
-52.7903557128
-37.8480231995
-63.3934351067
-54.2010262143
-5.4276286001
-82.3503028609
-94.2719227043
-105.375754283
-19.8109232575
-61.2584805281
-76.2537441463
-95.0284172493
-44.982883804
-60.3793997843
-34.5238850973
-71.4062217715
-100.917518275
-46.8024511351
-43.5821899072
-37.3713618065
-112.718036447
-42.3752065131
-67.0474839342
-39.2635942906
-75.0862337644
-60.0102270035
-146.349466632
-143.810785716
-38.549106564
-113.277419903
-123.359913385
-99.5057593016
-74.3893370709
-70.1880398869
-120.990146697
-85.8789111639
-127.456501014
-115.291856546
-47.0770757798
-92.6000416749
-35.4273346262
-103.806076971
-184.048687488
-103.873929138
-71.4546769288
-52.9103180865
-148.67160369
-72.2849798146
-108.292711316
-116.789518059
-94.1569607807
-40.0467837103
-54.5969585235
-100.676608568
-119.300191581
-104.015517713
-75.7849818524
-43.3188557059
-110.519532886
-62.0993655889
-67.6122731043
-106.130537296
-26.5060232952
-43.9180122617
-34.3522389239
-38.7614998298
-83.7727159836
-51.9710161093
-61.8050927378
-128.687158526
-121.691601755
-144.691633586
-69.1403736367
-34.2845132373
-154.786802841
-103.01735943
-101.975045836
-37.3043639163
-90.2438599505
-116.603695219
-137.593668959
-81.8097697295
-59.1219711784
-81.5385389962
-117.136864847
-46.7927978896
-116.200155792
-47.8053801711
-112.768300585
-30.9175204535
-72.2234495651
-37.4340659146
-56.269489312
-219.640266466
-75.8229961896
-74.5531281044
-58.9603439358
-73.2056448992
-19.5769013037
-89.9735371763
-60.6015289873
-41.5311948806
-14.2357980622
-63.2604353362
-69.9060655197
-67.9120178826
-35.6647785905
-71.5143838296
-39.7077347489
-61.3201398905
-60.0674557997
-48.3278253063
-67.5633557747
-93.532056965
-53.1245817821
-23.596553204
-40.3670741333
-105.616504436
-11.1666559268
-57.4158591998
-69.2805452884
-75.2855238951
-37.1384701234
-53.3655250476
-48.5762649362
-67.4476774137
-74.2729137551
-39.3999012246
-46.2122413455
-62.1766010071
-62.7018120485
-88.7776113924
-85.2635202435
-61.8461591713
-38.4159809897
-134.431643359
-39.7480615274
-96.7583317136
-53.4705461768
-24.9958297819
-24.6028172935
-81.1323869828
-43.8314895637
-51.8267008457
-41.1560091019
-120.43047796
-98.0768147832
-119.47700771
-80.9831088179
-42.2881367689
-100.174405774
-50.9937762281
-25.0653252428
-134.221916969
-96.270906926
-18.2510740853
-125.523384911
-92.4561244408
-82.0325581538
-46.1512821241
-62.0381819716
-13.1877563103
-60.363622433
-39.7732223202
-45.9228386471
-84.9295968928
-89.2563424599
-77.6967817605
-34.862333914
-61.202571432
-50.2832288507
-30.4659465004
-73.8814930939
-88.459520959
-142.285119776
-67.0865702926
-27.4997701962
-115.179094905
-146.478350365
-59.989178976
-69.0193015271
-35.2216769679
-41.5217093056
-36.7641837036
-105.729446699
-95.3615592209
-88.7623063053
-159.306516225
-84.5468342947
-152.366644615
-31.4408838098
-88.5410421931
-68.854237508
-83.4000538718
-50.6445489418
-85.918649988
-79.4857819527
-81.0378423162
-83.9418956892
-87.4156796623
-80.3732414116
-170.712195725
-235.374346935
-73.9928636527
-10.7676526283
-123.786708687
-184.235439096
-130.479266272
-53.1374216062
-108.35887364
-146.416444513
-49.2248017348
-57.933683745
-42.5499816727
-28.8771476571
-53.0237571234
-58.6452796944
-54.3008781111
-70.5981709184
-99.0398901881
-132.412884329
-59.8019770923
-34.04230081
-94.478882913
-48.1579684936
-50.895165655
-28.5055538713
-27.6761789079
-38.0737616944
-35.2134258638
-20.6515873249
-32.0132700347
-124.533800019
-54.5388312695
-64.5051545672
-45.9651159206
-218.856924711
-94.4865548004
-155.526733018
-195.687090471
-52.0483945968
-13.9514420016
-17.3065383825
-89.9774609917
-95.6238516309
-71.0514999072
-50.0835355528
-82.012077595
-117.945754001
-116.287629905
-148.263381245
-80.5137979133
-32.0490962911
-84.0701598548
-60.5343750933
-28.3675541129
-112.92159278
-22.549198772
-34.3565326694
-44.9308841924
-115.633235635
-123.23659388
-230.053210918
-114.943928765
-145.217072995
-97.6359187408
-145.079478736
-53.2175803045
-93.8080206194
-50.7264785327
-48.1335096231
-66.4526607456
-129.764211228
-66.1913528197
-23.4187206635
-84.3225557827
-76.7386238605
-84.4787848054
-115.179865481
-98.968394269
-74.5135966753
-15.3588427875
-84.5876882562
-77.0533778888
-173.447489521
-54.2046891228
-33.3296240045
-121.531759371
-29.5312159239
-85.5747879639
-122.11906707
-49.8213477269
-32.6272371509
-18.965775553
-38.7568660618
-188.672897533
-104.241287193
-68.3459679378
-148.248898214
-48.908597196
-39.700413767
-106.202311213
-88.3017070999
-109.170856001
-114.238295993
-93.4633348464
-58.2249239557
-107.508658698
-62.6658265586
-101.461055909
-44.5633228789
-69.2961118606
-16.2292066788
-76.9050154893
-108.706234545
-64.7970094861
-80.7787096875
-70.1213641534
-114.130354742
-69.2108658912
-74.7242884185
-46.6855488415
-20.1313450492
-108.523955914
-128.962731038
-137.131853882
-93.3687817188
-96.4272742666
-106.314515471
-40.8073466587
-121.186768479
-99.5682183841
-31.5681182518
-53.6339158949
-81.0711726363
-5.98253038398
-120.264202959
-55.7776901542
-87.0256602964
-102.964871176
-48.4345875058
-70.7169219015
-100.328942615
-59.4468032434
-47.4647478002
-103.154948852
-107.682862656
-29.1450423761
-68.8190080552
-86.6590370162
-47.7477178443
-23.5753608966
-75.685452593
-90.5197798787
-33.6976549624
-142.845072429
-66.8970735971
-56.4969321072
-103.767419076
-79.4478923681
-48.091006965
-66.4249558846
-149.618250785
-59.6082451022
-32.398781553
-22.154238666
-48.7030195852
-79.1447498728
-23.741438886
-64.8380270949
-38.4940140041
-53.3800427317
-211.119615118
-88.0720269149
-158.120264475
-46.2197250951
-83.3272265609
-59.2818013163
-69.2080880504
-7.19666324558
-81.1637739801
-105.776319845
-67.510825031
-91.2222784313
-27.5559686364
-31.5107661938
-29.6649314564
-21.9242148445
-42.7351661606
-26.0795336955
-60.582043519
-38.3019676435
-48.7769702814
-56.158469983
-74.0345205283
-31.6940945089
-89.3278104275
-52.0776063884
-34.9659255166
-45.1861993196
-40.5579033738
-30.561918946
-82.6228581569
-31.028950269
-34.9531693977
-64.2669479825
-82.7167232803
-81.3329919558
-79.2069211309
-77.3082192598
-48.9905458081
-167.496757426
-141.649748298
-133.092776645
-44.399175536
-104.122892737
-183.089598066
-96.76170609
-128.472445872
-12.7856320855
-0.958796293872
-32.3696998658
-182.162943396
-80.6481165964
-36.3640359794
-42.0034291617
-103.490635204
-112.163358981
-91.3757212642
-48.8735957512
-72.7847806791
-108.239664411
-4.30045326656
-101.24235067
-65.8847934391
-51.7721891231
-112.360426889
-50.9484907741
-87.6510492533
-31.3921027802
-101.997902279
-45.4792594113
-83.100881929
-58.6143845857
-45.3170852579
-34.6149739717
-69.8902101187
-74.4920140007
-47.6350189033
-26.7201939115
-33.4796643771
-55.3580054364
-85.7431577131
-76.8884452246
-55.8955835698
-42.9835284067
-61.33258241
-61.3548189904
-102.452289628
-34.7676324182
-66.1235309907
-34.1720829852
-22.7918185464
-56.259307236
-56.494144059
-43.0638740099
-94.2208676807
-165.059099275
-60.4568571722
-32.8977255459
-66.9674815742
-77.6057636576
-68.3302395499
-123.50188151
-143.054557744
-113.471867164
-92.5545952733
-59.8820374413
-36.8099021657
-76.7393744822
-37.8947011146
-50.2749532522
-147.565761103
-86.8923324336
-51.6116751639
-50.1233582333
-50.0256708649
-29.0482613987
-19.1768628105
-22.6476693665
-32.6454158849
-51.363364039
-23.4161927935
-89.2055076163
-30.5503564998
-65.2742694518
-8.50302029072
-7.96060001003
-7.17146285007
-67.2839267974
-94.9075480431
-58.9882378683
-40.071353014
-71.5685098058
-74.3713991475
-41.1455996818
-75.5791537973
-41.1095655798
-93.9143496799
-87.9550643925
-98.7910009
-91.2614951388
-37.6347274808
-54.7185147393
-127.101804638
-39.8710015767
-77.137422606
-29.8613724895
-57.8270984611
-12.3134911183
-18.8563781683
-61.374651482
-46.6528995609
-124.018398154
-97.4388017997
-76.7613515155
-37.7419186891
-88.4457208595
-37.279592252
-62.5764622009
-69.513223513
-58.0278121796
-101.320016809
-133.3929713
-53.0630740734
-40.092658829
-19.1240942805
-24.3551933772
-115.446958462
-97.4929665746
-83.0384552357
-102.211938752
-88.0451443003
-75.8062111377
-47.7277433055
-39.6375030184
-78.7416410828
-16.3960727062
-16.1507379088
-23.6090330074
-93.6880339425
-73.6781000834
-81.0174077546
-71.5887776982
-29.7701981484
-56.8738148869
-99.1507441959
-21.3846921533
-26.2742373093
-35.676553599
-37.2350941754
-50.3747078747
-18.1449810661
-14.6999621571
-63.7009596361
-88.7232384067
-153.421287629
-243.290902861
-14.1542428341
-98.5713147701
-58.7657976798
-42.4982640682
-100.440896473
-122.249101279
-51.6241906817
-36.3053682152
-62.7983489902
-14.8782547449
-67.3588035662
-113.805305028
-62.7794101539
-32.261639463
-88.8202199251
-23.4280890177
-42.1221380681
-62.4298528312
-10.3655990789
-25.131420403
-21.5820748554
-45.4455115268
-45.7349360701
-58.8235734927
-91.2266998636
-33.3572261476
-71.248646158
-31.9744254587
-80.2511238346
-94.2727732852
-75.3917226962
-83.5519404096
-27.5199639732
-53.3255211125
-49.2248822887
-147.611488607
-42.3090383265
-47.8067026975
-11.091149027
-71.8754784333
-58.1757256061
-44.1604754825
-43.3836194702
-101.418485902
-4.13777522308
-51.6672002196
-58.0232662453
-39.4227797781
-34.2261178925
-41.8691369831
-44.2304619741
-28.1678471467
-23.7968898542
-103.460244996
-127.321935123
-74.6270249654
-76.6534366502
-35.3091497776
-34.5886282645
-28.359145703
-19.8332808479
-52.0270710528
-14.8882699855
-5.90681113414
-19.9084161617
-106.327556377
-18.5356070684
-82.4857926796
-5.03055236427
-88.4528028462
-43.8474611016
-61.8959219841
-139.602847785
-107.214805204
-12.667074468
-38.9693102623
-24.1903809229
-31.8358341043
-99.6868983284
-44.9362236293
-14.2663409724
-23.7188836187
-26.2455846122
-51.7616882731
-68.2661065649
-54.6959061336
-15.9788585724
-74.508704417
-79.105032874
-86.0435417814
-126.384118229
-94.1754620863
-93.9446265101
-53.0751414799
-98.866759431
-44.2132214136
-70.1107263507
-57.0859176853
-34.0289623654
-105.760081382
-112.753369351
-41.5145188862
-2.32703943355
-169.546647598
-102.495066596
-44.2441009893
-92.3638168651
-17.6152875083
-45.7708891277
-29.8221308498
-20.8566004192
-7.28871500732
-68.9301286211
-68.8033963617
-54.6149396838
-23.626280956
-40.1906470436
-52.9809559288
-43.1638139432
-32.2959702886
-62.702697842
-2.47974392347
-59.5901137544
-86.3809516191
-33.1932946161
-113.036679947
-65.392735654
-73.3218695831
-17.8487226232
-9.74187357252
-2.0649699159
-94.1868133965
-49.1346466483
-29.3670783133
-17.0227267443
-51.6864828184
-65.1115472591
-43.291122553
-66.0374660619
-98.4065554981
-43.7128193799
-79.4897208568
-10.2720513859
-119.921378189
-43.7296517461
-103.531252315
-136.330477946
-35.4596637666
-80.9788309434
-88.3590038462
-76.7117107408
-38.8351093454
-109.66322534
-64.080176363
-65.9322755052
-111.503933291
-84.5619340804
-69.419988201
-64.619628577
-39.6953527786
-73.3591225336
-127.042248748
-56.1709188366
-92.3844972133
-66.6653831513
-127.786287601
-36.0818913342
-108.200028083
-64.6430611178
-12.9298277718
-112.015376636
-62.8407016312
-16.1887253665
-52.7597207343
-41.9617615068
-164.031913625
-34.5344822031
-81.5852516405
-14.9740571051
-113.772063629
-125.975056428
-62.4033338251
-89.5082543177
-139.694268588
-44.0136953551
-92.4065236103
-69.0310390424
-23.6107064854
-64.0936221056
-126.02480407
-66.8097677989
-97.3179328835
-46.9707469211
-26.985861989
-130.751968414
-49.6205395822
-60.609743758
-112.599486032
-122.113470657
-42.1690365471
-44.7841339402
-207.258481319
-20.3232135826
-52.7763187197
-9.16831719221
-31.9662601232
-143.386636723
-10.2147295176
-39.2693255407
-21.1345306975
-159.529019198
-118.470068746
-12.3409955847
-75.1869017381
-88.059982237
-66.530081335
-58.8951370559
-136.046589243
-32.6459610647
-44.0304753044
-101.114554397
-13.260947582
-20.4130017406
-123.293536596
-86.1068027529
-67.7422200225
-155.830990339
-77.0385454746
-160.92216775
-49.501235925
-35.2924445626
-176.886626811
-26.3326466731
-87.5322874298
-77.3153197268
-38.0958492957
-56.2545552673
-112.153921509
-91.6062182048
-37.5433380816
-124.828735339
-53.9265667839
-53.9539810836
-59.7746925765
-45.7479437987
-76.7640856091
-14.2734650307
-88.6847479852
-117.308036186
-78.5842149552
-66.5315766465
-40.8762971053
-62.3447354602
-3.54351377321
-69.2325552222
-58.351902038
-78.379196089
-32.9373389555
-61.5542704616
-59.8867792934
-47.1788931321
-49.1310787784
-41.0617128391
-68.2225563008
-41.8833390427
-95.1894508599
-41.1071735296
-77.4924410623
-27.4188711228
-59.1410279439
-56.3895434542
-19.4995129214
-46.693532081
-41.7567737205
-74.5677921447
-53.5369994431
-43.0586515029
-20.4365778246
-3.69056795115
-45.2775076143
-31.2980720928
-21.2240434912
-35.1028843631
-116.803531112
-42.6684401645
-159.289039548
-47.0939578946
-37.7552758209
-55.0081056418
-19.0832817905
-64.0826124054
-130.639431912
-20.7973073741
-47.0264108117
-67.4374090465
-17.4253254136
-52.7248647935
-10.8349190602
-81.2385788035
-67.4263414195
-4.6533316947
-55.0722100892
-15.7584113724
-124.21856083
-75.8310236459
-59.9795950616
-86.8289991012
-91.9569169175
-61.4275699456
-72.1010296935
-54.4778521205
-36.7601950981
-22.6906324847
-82.671798245
-40.0889571515
-73.3610922396
-93.5046114777
-96.0066705354
-20.6396615951
-77.5854941833
-77.6712294229
-91.6955866804
-24.5376938608
-62.4545543232
-53.99385393
-33.3434535534
-26.1677968477
-36.3229849767
-253.682223419
-34.7180469308
-78.8385071999
-36.8613990041
-21.3957539777
-47.8782842466
-34.2510938996
-79.5485603728
-36.0203367875
-23.9347490922
-123.226326779
-202.075438471
-56.0149299061
-98.8190606879
-121.636978396
-55.176424341
-40.0416029567
-34.0620923566
-102.946773295
-113.884766446
-82.2011773042
-76.9549085611
-119.950342619
-128.153969947
-54.2264498751
-19.9326001752
-80.828376791
-37.0070193605
-25.2016888605
-196.844891002
-122.401233194
-57.7905654594
-31.3846383924
-46.2709768426
-49.7048209548
-85.4894900668
-34.1377979308
-69.0485347295
-130.262080202
-3.43087966297
-109.237612443
-3.3590398594
-96.0460907909
-122.722005435
-36.4839725743
-67.3500280355
-27.8904205239
-48.7085444686
-30.3666678501
-19.9150486925
-119.520178676
-85.6586926709
-170.430250831
-35.582413698
-23.2597022964
-28.4536806006
-39.8106889909
-90.8900610493
-108.930162338
-46.6821160423
-61.7895056539
-13.2687390334
-79.9154071758
-27.3983610568
-81.6808379701
-46.919501593
-41.6020979352
-38.6893998681
-40.2586654682
-49.7445955725
-7.99390446217
-21.5015661986
-176.939545818
-72.2618406818
-86.4298734459
-11.1002145707
-169.14629131
-12.8020057978
-4.58027368782
-28.8919177706
-51.0015134764
-128.214476167
-68.7212034846
-7.46450457789
-40.1862765541
-86.3934996614
-32.1895933335
-23.7467588854
-99.1616252379
-27.7776320776
-86.1589918285
-64.7676628976
-151.615960988
-114.540133907
-47.216264207
-77.5476933154
-84.274623345
-94.6613759054
-58.747241179
-40.1222258982
-65.9090996241
-86.4897432554
-37.5489118883
-13.9338989586
-212.451244909
-90.3423602171
-113.082706567
-108.902303588
-235.398107992
-35.8381475875
-160.286864467
-83.2428290768
-72.5127927531
-71.2683706829
-29.8223437837
-23.2978988811
-8.38970612457
-75.6663732103
-13.3017304746
-139.991357904
-53.7453071016
-39.8938653992
-87.6138496733
-94.4593779009
-33.8203057497
-70.3868329352
-82.616263769
-15.6455313187
-82.4286253959
-23.1717763672
-52.5056620108
-137.420569968
-85.6515502349
-33.4930419959
-43.7783954634
-59.0053016575
-88.8127356102
-54.3842961493
-105.836515222
-17.2083193089
-94.7018783775
-77.2954814313
-113.514875192
-130.778452002
-87.7500353789
-55.2427810224
-27.1347854314
-49.4803353849
-118.951516955
-24.2745292381
-45.6849714797
-23.2394286471
-56.0242073656
-123.343792392
-129.264024544
-65.8245674167
-42.9029910029
-91.2949377762
-105.009747298
-126.645244926
-81.9808614193
-80.8272316386
-44.1095123859
-60.2697390243
-56.4283872788
-67.6435440481
-38.1998619723
-82.847665384
-17.9846695267
-110.681168546
-56.2742380774
-117.284660861
-33.48279473
-58.8912698555
-114.251976197
-70.0605728157
-118.355577395
-68.1539959898
-80.3096484265
-61.8272856578
-31.531340976
-63.3208012228
-122.8255591
-75.01017252
-52.2416209557
-76.8768633525
-44.1559943425
-49.0995358845
-22.3627199642
-66.4498052808
-50.9175233629
-127.715445399
-120.615437081
-91.3251766568
-107.281100896
-89.5375463248
-17.1246790155
-22.5934340749
-75.6152144919
-191.220598499
-134.639238496
-77.804308012
-73.8232758391
-36.0307644491
-52.551789276
-37.6250881849
-49.0610644974
-56.7915067072
-93.9549732423
-117.669511537
-119.108260879
-46.336567212
-61.6560834847
-104.975447395
-35.3419276992
-66.922069558
-11.9070755908
-115.528673352
-116.132556827
-123.182898189
-125.237727547
-36.3848079144
-82.702056074
-83.4583283077
-41.7780937596
-191.278304753
-33.9400450434
-79.0516006502
-37.137756823
-55.3009663068
-70.8387999729
-64.2219809645
-54.1031883693
-103.884466609
-50.8920900786
-107.640710273
-46.8398455593
-36.1485620809
-61.3651426485
-89.9763422979
-75.0676590707
-96.0924543875
-104.636050371
-103.997895862
-45.3606465004
-92.9125486013
-67.6255958202
-138.313855858
-170.895276701
-37.5046036051
-73.7424213051
-49.3547416896
-35.0484629191
-80.2412201392
-57.2684318313
-20.4483498438
-17.3926134331
-72.6385244613
-136.282695242
-54.1008365417
-48.4674589061
-63.5491713594
-63.0838230982
-106.257867617
-86.8002911988
-43.6082087545
-52.5406459062
-81.5520035936
-41.4318025293
-77.0234381387
-217.193021059
-59.4103894623
-4.23921265693
-11.244798573
-137.414153622
-73.5726385311
-178.498894881
-84.7536628792
-72.8659967078
-16.2199445913
-80.0088579428
-47.4616166101
-77.0477349099
-123.522885421
-74.5010644075
-151.358579108
-70.8273435267
-72.437110641
-137.005730056
-81.2865955557
-46.4321803858
-85.342604825
-64.1998910448
-32.6232292393
-71.2502490622
-127.408367935
-48.5917207602
-110.471475489
-93.0451053201
-121.164588051
-35.5147867786
-64.1812364223
-16.1081284546
-29.1708639062
-41.8565808138
-89.3581283811
-186.344006905
-67.7572111552
-17.141403724
-7.66486992538
-139.883981138
-48.4478623334
-165.441553741
-75.4983342872
-119.433911321
-212.623915046
-23.9015073458
-65.4736567945
-51.4179667623
-199.881132432
-66.1174894434
-59.1097941731
-54.8679391914
-23.8644430591
-79.3134004433
-112.80052438
-98.9906734223
-66.789719054
-33.1620065309
-98.9768339257
-81.20970572
-113.214014962
-20.8211397392
-163.857360899
-114.914816483
-61.370829333
-56.9161730842
-91.2375724459
-115.817392083
-110.973104607
-57.9785017523
-78.5236513795
-96.1888450657
-10.0060999501
-69.0229554767
-13.4370752034
-134.401693954
-126.471439402
-19.4867635925
-30.0935201477
-79.6728480732
-37.3682716016
-100.363087498
-55.224068475
-38.1113462358
-13.6222996241
-75.2533994268
-101.939581596
-31.1737440803
-29.718094355
-131.162949951
-29.4000086067
-90.4554047686
-133.547980128
-25.6642496863
-64.3745676001
-12.2313871279
-73.3752890734
-30.7157662826
-135.176699017
-100.2617959
-137.13461171
-134.489039937
-86.5481361191
-97.9534965682
-94.7090305573
-43.8901795893
-101.851743398
-138.831999671
-90.6166309769
-95.8212146938
-78.1641452382
-101.487847907
-101.783481774
-40.5950812527
-83.8246297764
-105.437480965
-100.630442895
-104.948907475
-108.971989663
-31.4719898678
-30.0388677655
-51.9271584204
-33.4645633675
-58.8584986793
-58.9749088192
-125.79327259
-60.308225299
-126.946403477
-46.4183166349
-120.965612807
-63.8699673681
-121.401807758
-45.978372887
-20.8130484708
-53.1097504466
-100.926768396
-51.5329773899
-81.1280777506
-32.544085526
-34.8372742642
-56.6913952125
-49.3824865362
-95.4439163389
-26.9970511028
-53.2337171562
-89.1862508701
-31.9277872938
-34.3522469338
-7.50026759784
-48.7802335133
-25.0530856276
-77.0527003369
-86.5292434665
-67.9264028896
-23.8034848541
-77.3082106583
-59.0221328488
-83.4416798858
-71.7511139051
-47.8838939977
-100.009132088
-130.798869625
-57.170753421
-96.497212887
-69.7576912486
-71.0177595156
-71.9110635109
-213.492996797
-52.595452013
-78.0308125794
-152.623036986
-113.922092077
-18.028263518
-62.4842615151
-67.9557169069
-88.5826531871
-74.1835013397
-101.887277495
-95.9968724267
-138.299586889
-55.593052127
-319.076495629
-101.016361538
-39.6981327192
-64.209922035
-120.989116655
-48.9367063395
-52.4643233894
-92.0057124859
-35.7617320181
-38.5042622512
-135.983254586
-107.583077048
-61.822411716
-73.1404388378
-25.4250432429
-93.4734353474
-14.7385223509
-22.718960694
-88.8226575387
-273.092512147
-45.4962272006
-20.2854988509
-55.2351379251
-31.0468656096
-110.85763364
-50.5006067767
-18.1124106346
-53.3455800967
-49.6755150128
-24.8994228239
-62.2629030459
-193.647563871
-114.854342607
-66.8015207232
-146.321962323
-79.9526201436
-50.3782863725
-30.5592804156
-36.6705035112
-64.6878748492
-93.92940616
-47.9598674738
-37.5301314726
-18.4492376968
-36.2333967492
-19.8149371293
-108.818048164
-90.7415457109
-69.0326419734
-77.2179260603
-88.2965030291
-77.1264376096
-65.8566973378
-89.7503113429
-51.5438534981
-34.6607163648
-31.4446795405
-26.6596408646
-107.07987537
-58.4806246774
-82.9887529871
-40.9876348153
-46.6012162683
-49.4537213886
-85.1346410002
-70.7661204826
-27.081409867
-70.2113291433
-44.7036744935
-50.5242100274
-108.736717906
-141.190750711
-120.661664974
-140.049632023
-95.261073348
-80.0699469432
-27.7587205618
-193.793503289
-111.165614758
-113.227882548
-122.501427191
-137.002605679
-173.725194915
-122.676055774
-113.791267248
-101.97526848
-58.3644660426
-54.5566331456
-100.18771378
-34.6567352335
-95.0331185797
-176.304619626
-83.3531003684
-126.934917662
-30.2643194129
-38.1209175457
-93.6708669041
-81.0667185977
-114.18469166
-36.0102417145
-39.7282125586
-97.8877372857
-21.1662632833
-39.0127701451
-105.382944583
-69.3707441622
-45.2514212192
-49.7821254353
-7.14343244491
-148.267800867
-87.3126341261
-81.9630264873
-42.4142648888
-10.506855102
-44.5857052456
-68.6990328901
-61.4449311313
-57.3541820468
-42.3979696867
-86.7576295196
-134.829302866
-54.1449982142
-157.830014863
-48.5439836343
-8.84069580357
-107.750490561
-125.622870455
-86.667131106
-66.2764957877
-100.605864225
-92.1180547342
-65.3399662587
-72.8331343579
-83.169395888
-33.0721023821
-37.1601247921
-64.7995063971
-79.5461213116
-43.3504019794
-154.043303003
-70.9386531842
-71.2235695858
-60.6979360182
-37.8459330158
-24.3010460376
-28.3772547283
-37.1965807231
-25.8821391206
-29.4266988223
-30.8017236833
-34.8398402571
-28.7135091571
-44.7169641406
-10.1680759141
-60.1558082507
-25.5398284415
-37.8840909864
-37.2066907562
-30.44232878
-69.3196557987
-33.8666767411
-112.669667321
-50.597011263
-23.1938332686
-14.5499348447
-122.621180927
-33.5407104567
-150.398643535
-154.687816601
-74.3976453
-8.82259901604
-49.9442110324
-3.97048616453
-71.1045528602
-54.3523829828
-165.738978825
-60.0639885475
-18.5090804736
-26.0056025487
-71.4649681979
-53.779425736
-30.4668821731
-92.6423372654
-145.624223242
-61.2575340521
-107.035467772
-70.7096016738
-84.6286578776
-131.376778483
-138.048866053
-16.7306019964
-49.0393593408
-127.880067728
-3.29838332385
-69.2787583234
-49.416426738
-76.3343316513
-87.1823065162
-212.184260774
-147.69475899
-26.8158938211
-114.434007911
-65.4252621894
-139.129782808
-27.1060317344
-6.6063683557
-22.7472121471
-65.9023862788
-40.4277842795
-14.0672748846
-29.6530371303
-20.3520290839
-43.4705026893
-78.1977390957
-109.937714506
-19.2498276131
-36.0544241096
-90.2256746708
-51.1325822746
-94.7039997985
-86.8000305487
-54.6215407837
-88.6406907556
-107.785657705
-70.0702753842
-93.9390404491
-43.1515675174
-82.9670714016
-83.1698462703
-22.3998107634
-126.879457454
-60.9860786165
-44.2682379415
-127.526898521
-8.52304918971
-39.2506027615
-81.5357404626
-55.732710239
-73.8715462249
-82.6670034189
-68.7912189047
-19.7492136184
-158.34005667
-39.3122022144
-21.576443602
-56.0401181564
-77.4888224613
-75.3609411741
-31.020350442
-43.1690585318
-95.6277894126
-50.8133274848
-31.5614345195
-80.1092692095
-57.9110405465
-42.8778935707
-94.5398272157
-80.6790084285
-70.0710722657
-75.2637059531
-27.2578656894
-79.7829956556
-156.826815686
-212.708084075
-49.2791283131
-94.8882841594
-69.4664366959
-55.244075774
-95.1664818269
-34.7931913399
-71.4390264122
-17.788130397
-99.7823336294
-38.3180826349
-33.2138939805
-33.4775862112
-30.9391344047
-74.3306757738
-60.8426427208
-41.8500987831
-24.6001674708
-72.9033975226
-67.4026302075
-87.3501886277
-35.7124068358
-25.0480552712
-45.3440468352
-48.3346839195
-76.1134151805
-84.6125301641
-75.9603421765
-47.8465077091
-32.1671099014
-58.5238191986
-116.127855674
-69.7401926242
-14.9418816073
-62.5367763678
-58.0671252864
-49.6423614572
-32.3465413355
-128.552421563
-43.2033883895
-88.5377653439
-146.228932363
-67.0853745085
-74.5354859762
-135.96485133
-115.379338553
-84.3341426134
-124.881424713
-91.9672213056
-84.8236819432
-62.8666664635
-129.684047265
-56.4129700055
-61.9629154493
-46.5094517419
-232.037609023
-78.167019631
-48.4508054401
-22.4979170213
-129.227040768
-98.8883761937
-89.3113704049
-78.2013706901
-70.0016775739
-42.3823146785
-66.6527690499
-149.594475273
-39.6152584647
-97.4824335216
-154.168111658
-58.9692244126
-134.067119342
-64.3897923865
-116.094738965
-100.681664382
-64.6609325631
-37.7647192994
-82.2061349139
-46.4482563848
-51.4265281022
-1.43424082664
-29.0370363999
-76.0116546293
-109.594941542
-53.6132481939
-167.732714827
-125.684274703
-78.5304574318
-46.0135301381
-97.7549150219
-44.1414377532
-57.176939658
-59.7367033865
-52.1838805879
-110.960608509
-174.497681953
-69.2876476709
-24.9064040988
-23.4587555922
-28.8879495707
-48.4064566682
-98.08744368
-110.248371108
-141.486702819
-38.5179712913
-36.0093626618
-86.6757383583
-135.879063933
-117.054680786
-164.84643725
-93.9603843196
-83.5648204719
-130.297719905
-71.03832084
-97.0556068913
-120.748445874
-85.402104644
-58.7355059029
-171.979296334
-87.0726974172
-58.80083739
-80.4614026527
-56.9722526464
-67.763062706
-128.434116773
-30.0062769691
-21.2008808496
-24.4565912411
-68.9369863272
-23.2827223549
-50.9816077902
-13.9953167685
-24.0690308161
-63.9763091458
-39.2598406002
-35.926484712
-58.8716826902
-3.65665546146
-22.7870686567
-23.094184262
-46.3245898278
-45.8822610843
-17.5949787442
-10.013487652
-20.7926690671
-88.1970468166
-13.4296941616
-24.8828069305
-104.90685668
-36.0404375342
-22.1385877517
-6.71270888809
-33.1591180023
-41.9188940689
-61.9630689484
-17.4949624084
-34.3636509838
-27.9798905615
-15.2525364118
-37.6788177941
-8.92145196554
-32.7239318911
-30.6619776427
-56.4319091233
-57.572931978
-19.6402515635
-52.8717484774
-80.2773909623
-132.166853398
-45.52910426
-59.3229959322
-85.5932657934
-62.1886385222
-145.107212954
-71.3857157817
-33.424142202
-75.8321985525
-42.9513264667
-452.046994496
-79.1495468216
-125.055273926
-152.657864384
-158.633392163
-39.6191066279
-175.598886741
-206.629135588
-96.1570548976
-152.03664987
-66.8000568082
-170.159756602
-118.513000374
-70.9538138008
-10.0383684035
-30.4152999823
-128.655210294
-101.223074553
-117.880439744
-71.5962023694
-95.3126570206
-126.448603456
-99.8840088653
-62.4684183581
-38.0277189745
-74.8456301143
-10.6929162074
-10.7239462939
-31.3594263549
-14.3658082416
-12.450414434
-126.079820697
-114.267779813
-197.797550629
-60.9994521872
-176.971622182
-69.8328841278
-110.396111995
-104.644973631
-71.5539305251
-68.3504490192
-117.654523271
-53.7714736375
-44.0498610584
-112.42398529
-115.479198199
-42.4338700241
-22.1499508451
-10.9125505758
-7.73285786744
-96.4760001308
-10.1758517012
-19.1080707912
-40.061219269
-51.5013754005
-47.7553630671
-28.9094593864
-36.7297018055
-30.3678656545
-39.3150148606
-41.2178137642
-83.7112980733
-73.792218171
-73.2363962913
-35.2995074643
-73.2419577086
-11.8983183289
-14.71132414
-117.131056667
-143.801200449
-81.6623731023
-76.6526671082
-121.484442286
-43.3042525395
-139.750831782
-123.051076061
-59.6507049898
-62.784078534
-50.9916628213
-31.9891033516
-33.2697803602
-29.8071477495
-17.1255421233
-17.5331805097
-16.6089581209
-71.290459673
-94.0660162874
-32.5426989492
-74.9090426695
-46.9217646953
-30.2967368364
-11.2248570617
-44.8057845224
-138.318008057
-112.661867837
-17.374585238
-64.9364204251
-68.759686784
-69.7783769275
-50.4489220326
-124.153722021
-46.3325485404
-108.215642799
-90.0960882175
-115.360892888
-60.5464706331
-129.840378628
-74.2087804871
-45.9777286013
-37.7506046098
-52.2434402844
-118.394152373
-62.44240647
-107.575815615
-75.2682413234
-57.2137938244
-53.853637282
-105.577559544
-60.7996194324
-84.6154223226
-58.6748307209
-76.0840795263
-86.005880423
-133.675472181
-75.6239168174
-104.133645255
-16.382516355
-96.5731044475
-16.8777450105
-65.4357967232
-48.258420994
-123.455762872
-23.2968378551
-62.7270908082
-65.4697476289
-73.2264600789
-113.396586952
-71.6612343287
-105.385948139
-56.7719058501
-101.393138425
-31.4737956518
-117.810362851
-102.8507909
-82.4881895672
-33.579606756
-104.348447062
-52.7615994064
-85.0785359469
-65.5584874793
-9.48249058624
-102.139088421
-67.3759912351
-31.736428999
-43.3073037195
-142.606099403
-122.631784041
-73.31493352
-59.4788743609
-106.425298469
-85.6209577094
-86.9001032516
-20.2832834292
-114.244725862
-76.6129603575
-124.580956145
-76.7209632896
-130.387140657
-51.8840650154
-15.6056025534
-55.0362256856
-135.111328416
-17.4832798967
-62.7799798784
-53.2061759481
-82.7187878349
-88.6124690008
-93.4190399247
-67.6724347801
-96.6749685832
-110.197506198
-64.5294042281
-78.1538609472
-172.689842243
-108.517597263
-57.2533170637
-48.2885966831
-145.274597477
-79.6042421837
-104.745078654
-12.1600852103
-4.97937073101
-45.6667510297
-34.2088278179
-22.6785782028
-9.06281758675
-71.5895063091
-64.8747432651
-36.9888879233
-21.0484863576
-49.0069861132
-80.7597981479
-78.8512323587
-60.8883950316
-38.3219037442
-51.0821646268
-87.1937758625
-118.372952807
-23.7529953807
-76.2877899441
-74.0155425878
-71.3938089465
-24.6912247575
-112.173614083
-33.6095076365
-72.2164116411
-57.3625997513
-66.2140809734
-47.5664820652
-75.8273663187
-27.133324984
-37.4343360911
-48.6767579463
-10.2738037513
-58.838585164
-83.026149229
-63.7287225588
-69.3956153463
-31.9398149818
-58.8105007836
-7.42281164925
-36.9651936288
-29.2333410873
-65.8074432096
-33.872030011
-53.2478005968
-42.075304802
-54.8660008234
-56.2254684291
-18.928002588
-5.76075093066
-10.6743098473
-24.195144264
-19.2696007838
-47.6864913537
-15.7911123826
-35.945511132
-13.9355405125
-34.2321887081
-37.887355276
-71.6097818924
-45.1572807715
-135.542208925
-104.333318689
-89.9435981088
-62.3554197364
-132.922489783
-54.377395633
-93.4536505406
-51.9085653364
-53.7052980446
-88.2670000188
-60.6983722144
-65.6988370154
-16.6020358514
-38.1393574876
-76.1810302986
-48.0988745968
-52.2303170271
-83.6378954607
-56.4176334436
-55.3236365244
-24.6320257953
-56.8421975018
-49.1470354626
-41.5053675005
-49.3893305445
-79.3883183455
-26.1247418107
-32.280601143
-36.5377185418
-61.6025969576
-64.2270087706
-31.9770379561
-57.3720566816
-46.1506050053
-53.6096448612
-73.1701002791
-15.8787835439
-65.5176423953
-147.773394723
-46.3321506258
-101.962795267
-28.6080281977
-66.001158075
-49.1246006831
-8.3441465988
-42.2293200034
-29.7658134616
-66.2534849775
-35.7194267897
-75.6351339461
-113.563644323
-83.6653789245
-78.1651612159
-52.3910835908
-56.8348641063
-53.4872066062
-42.3435614411
-75.3501360854
-71.7447888898
-76.25366928
-52.8800373686
-89.680950327
-46.6900750662
-67.8444663809
-111.697665486
-103.128083365
-53.1389771446
-29.9158054149
-46.2249482207
-111.172959257
-78.6068223886
-111.578584486
-27.9312960551
-9.57963726705
-47.5063911885
-31.9770213153
-32.5987747713
-16.8229770572
-94.5137967695
-95.0142974212
-161.351240998
-28.445595389
-2.5293546297
-51.3348471493
-8.65358577396
-11.2016861184
-59.1057518997
-75.2246140301
-24.7059735184
-8.16363231827
-7.59176548558
-39.2441037638
-157.666153851
-43.5426636067
-72.3436800101
-29.6272127472
-119.492313717
-6.34754548668
-55.3693651044
-71.162104078
-99.1573088266
-183.51023081
-27.5317520593
-91.6333450783
-45.025033194
-5.50515518188
-35.3951733215
-87.0313094346
-65.4374973942
-87.5324672318
-40.5698314065
-127.325942418
-84.0037775484
-132.794664988
-60.9163405949
-46.9032965789
-14.5490234172
-30.9457083472
-7.73459848018
-71.363353481
-41.2651134388
-55.1666480208
-29.1157961517
-101.347220669
-60.9142965745
-181.285757806
-112.78362639
-68.4892755455
-110.373366405
-41.4695193862
-29.60265956
-58.9318477675
-169.194921185
-63.1972312189
-111.043908754
-58.9217561059
-128.49015802
-29.3280819896
-8.50216323235
-52.2107764374
-38.1655352826
-75.0021572019
-116.800774131
-54.2569922593
-118.830150759
-95.1991962184
-59.9392540448
-108.757336764
-42.7300371495
-100.90412883
-56.4013422676
-46.6011193454
-44.8050954257
-98.0369207543
-29.1587261947
-68.6048198914
-89.2846796961
-68.9294880666
-116.216916059
-92.2739761862
-66.9364286103
-37.7976336666
-58.8374109803
-65.89491357
-61.3341206745
-69.9356307431
-22.2116180836
-41.6697400041
-74.5010160714
-63.1036109006
-43.3189068514
-31.9180587909
-30.6104666667
-67.1522735165
-14.3294402582
-43.6687741848
-54.7098078221
-45.1715150438
-34.8919926619
-32.4786094831
-69.3562721851
-74.643068199
-25.4337504292
-56.7662443388
-18.5278566941
-39.2209145338
-79.1551810109
-12.751291944
-52.7911038674
-72.4219276828
-60.4353316391
-30.4257237008
-57.5165277316
-157.010832475
-62.9259456064
-66.154385703
-98.0168301139
-57.158697328
-148.337425447
-77.3864318025
-66.9511397527
-68.7711219105
-46.4889549533
-50.4923889375
-106.681128212
-54.6957487357
-69.9561185309
-34.0575660291
-115.920361934
-117.340116715
-101.984490886
-105.700826365
-81.7014291182
-283.121192525
-82.5519169988
-91.2207934869
-92.6758612365
-85.7319283946
-73.4270319399
-102.078608449
-57.5570573205
-181.395351392
-79.6386253577
-76.8581759321
-105.56224673
-52.6252317491
-36.9000443552
-86.1579180051
-65.1607305534
-28.4349238424
-28.9181221626
-61.71419012
-106.493127859
-91.1656950353
-53.3981546229
-79.7389844546
-64.6093396843
-53.0031946576
-97.7069507286
-66.1045528331
-42.2298175682
-51.4256722797
-99.0642927957
-112.468923774
-224.327689302
-20.2672366516
-281.248777154
-83.932563245
-97.9437260039
-31.0828794739
-66.8851552525
-99.9016950474
-96.6418574966
-130.438700264
-68.5036705432
-78.9309459061
-122.137423001
-101.83634498
-187.53424485
-152.649204209
-51.5890407875
-186.070701492
-161.572169919
-90.4922336248
-78.7128387755
-53.6291165209
-60.0634483492
-89.8619058332
-50.0283241611
-104.071999334
-22.894658055
-143.91520816
-97.0160346989
-151.9230775
-22.3452125063
-75.5564888638
-71.3405507847
-103.515145374
-131.842887865
-29.517790162
-26.2843172798
-31.4505697055
-40.1210480617
-49.0406099341
-55.7828444534
-54.1998023225
-20.3588486859
-54.5961482812
-76.4798216557
-23.5524933692
-23.5524358112
-49.8025400244
-62.3532669231
-68.7727686449
-60.2986301099
-165.624350407
-63.6633854305
-27.1393334655
-39.0244657146
-20.091622166
-50.7399836635
-161.789095309
-72.5818327898
-52.9628895017
-58.9685236201
-86.0830258722
-74.0536469702
-111.625321087
-23.0482923343
-12.6080582901
-20.337208658
-18.1146974675
-3.39252472539
-23.9150969039
-62.6328670616
-20.6284636947
-37.4918902637
-21.0471871911
-35.7079024302
-10.8076600766
-22.2737410164
-17.9737768285
-58.9757364166
-13.7934359759
-11.5759546055
-82.8096444525
-1.90411343928
-22.6410544905
-6.8034465273
-16.1733432935
-29.5945970376
-26.5001605024
-7.3798064013
-46.6319651739
-9.15837583356
-6.23694020327
-10.4021005604
-57.6379988828
-17.7375966104
-19.5664018988
-42.5779098985
-16.704080678
-21.5137190948
-57.7277049964
-30.0246796646
-32.2519495002
-34.3905341524
-37.2306957458
-126.662303463
-75.1993978722
-43.2692626879
-120.474713159
-64.4803584177
-63.9249241578
-112.3324804
-68.4796273903
-39.3936858202
-82.5614742594
-68.4284010423
-38.2728333009
-92.1685691516
-63.7773267814
-49.7863750146
-98.3669511836
-57.6096353184
-180.196969335
-99.9750096827
-76.1424745859
-99.4650271805
-124.491639886
-117.804235569
-224.435645959
-120.13894494
-206.42847583
-167.161621757
-177.314440126
-80.8241207861
-47.11379676
-29.6959040329
-81.3993655724
-60.5277673576
-86.9460169852
-47.4914324319
-145.3003923
-80.8687024372
-93.5944755178
-76.8346275618
-132.410726221
-49.7483882873
-37.6420667773
-69.0060169352
-64.7023135207
-51.0909621375
-58.1099772616
-112.470023888
-32.7122888247
-75.7376557843
-114.089082953
-49.8970956224
-79.2019125965
-86.4751989065
-32.1568377805
-38.5845566126
-80.8465233596
-69.1937104794
-105.670792649
-49.1762926366
-148.440654406
-78.8424800344
-7.77691619875
-84.3374788212
-36.1084679141
-25.2429116386
-88.0927220094
-40.5396386383
-60.4743619905
-117.995176983
-111.528309106
-10.526949285
-23.2965091174
-16.9710556801
-17.4393647183
-67.9116100914
-96.3101736617
-43.2779102002
-68.8090498746
-113.624900268
-122.257635057
-63.4308827655
-22.7975741191
-21.4482133727
-38.8860866959
-89.1425747859
-89.7175103318
-47.2875468109
-27.8609045131
-28.9534766416
-44.0585648233
-70.6425966568
-113.494609933
-100.820196953
-50.6070172288
-55.7542683964
-153.953892152
-75.0000709619
-49.9858598752
-28.6933401615
-113.920725505
-79.1999719784
-78.4854162358
-37.7631208034
-119.479607176
-159.101254291
-64.294143052
-35.0837667053
-41.432683378
-98.7980801051
-79.4589264869
-75.727900471
-117.344614126
-104.17226953
-229.422259373
-120.04863153
-50.4928168835
-112.553030472
-67.4477641255
-68.4575525923
-51.6532404331
-66.8241209963
-133.518079833
-109.552037815
-127.460766615
-56.629944058
-27.9782945771
-97.9430678249
-74.9931230303
-137.387592843
-54.0185492377
-100.342476601
-91.6533174304
-147.255139178
-78.9283075633
-70.1904114092
-103.752697536
-65.5155720039
-35.4671160025
-86.1731010487
-145.554387568
-60.7011955813
-30.9147129924
-83.8890281699
-106.364191316
-122.432871012
-76.8453054894
-33.0454709608
-54.4407443273
-136.256014586
-130.23244074
-54.7410737506
-17.4508035828
-66.0334380014
-99.7867571901
-132.17256122
-132.997886981
-178.638845099
-62.8312560011
-33.738822722
-48.1113547962
-109.989813481
-70.1764342161
-93.8161112171
-128.587330771
-64.3532753146
-54.9207847167
-110.195834455
-69.8431627279
-118.386335902
-38.7580667473
-110.886333029
-67.15310834
-146.693460861
-103.094993486
-104.902768244
-73.0743309053
-18.0814993898
-97.1596936868
-82.7494138781
-138.041092275
-58.7752696255
-82.9735814108
-47.1276056154
-69.2477901894
-157.206300871
-53.0783770082
-113.863850887
-57.6514631122
-26.9596751927
-92.8769091291
-129.437147435
-42.7602158526
-129.84518789
-47.1234728822
-59.2619838639
-82.1945287886
-77.8527222031
-111.496109297
-82.8677148119
-143.583198646
-52.7604169971
-84.8895006612
-97.7662781976
-72.5737206787
-26.8661691541
-103.973922101
-188.446529602
-74.459683988
-60.5459888773
-73.7551523578
-205.949253295
-167.961541322
-134.055313361
-376.964190395
-183.660297699
-181.814785311
-167.514016319
-120.27856949
-87.0545338574
-90.958942756
-48.1802877811
-46.7656553356
-52.7216831821
-194.138501425
-181.61066207
-43.6618491356
-35.50276767
-167.552689441
-123.049438776
-118.477584294
-5.25870694599
-111.295249936
-115.051662338
-110.779473923
-159.71616805
-148.349958921
-90.0318454609
-178.907406148
-36.6667180154
-103.944186699
-87.7033635712
-58.9979549862
-74.9138091671
-95.1817860372
-71.3350596866
-73.6865828066
-197.378195806
-56.8193730206
-102.983215834
-135.570051771
-178.52061936
-22.2200287821
-94.0990449792
-100.650974401
-99.8772965043
-98.1750764095
-118.036289035
-52.9075122464
-5.99228293184
-89.1278901812
-140.257894574
-109.721201085
-50.3706477695
-29.7549719673
-102.839383361
-75.2025485959
-98.9258015384
-39.3208782635
-146.013021583
-56.7642564773
-34.7538726417
-38.5402186936
-120.464687874
-47.3803326729
-159.777214044
-113.8688998
-34.2848352998
-57.6585376
-116.687248211
-66.9960207469
-184.356188266
-31.1844862862
-78.844526693
-68.687526732
-249.251951449
-37.9749271085
-74.975154417
-101.491886368
-93.3446470224
-25.9006060204
-83.7217338887
-83.0882427838
-47.1328538674
-34.0603266773
-121.330618309
-54.7778489828
-52.4614098727
-63.8981348814
-91.9317767699
-18.4764917012
-162.842061965
-35.3174002349
-109.804905486
-48.1992965517
-165.369417167
-41.8597179749
-26.3966091988
-282.334897665
-245.31810045
-28.9591007839
-159.272843834
-191.324926087
-145.617913823
-210.81183719
-30.1864361022
-22.4203142693
-133.653705096
-54.9718511876
-97.2300215064
-16.4843682772
-38.4845282775
-22.570228534
-31.4436365879
-63.2424402239
-54.7948070407
-42.429524875
-87.3393958467
-22.5255730602
-50.4696577881
-82.4457485959
-64.765784026
-9.05203178304
-179.895194056
-51.2681073618
-69.1276951898
-21.0052672507
-45.5573188073
-25.8005222454
-111.990802398
-8.92917557498
-119.326699485
-123.728365093
-88.9486408342
-78.3569668537
-140.895503529
-2.69394987797
-63.337807223
-110.587358726
-66.6501350991
-21.9435920291
-186.139581387
-104.642704994
-34.8863561445
-151.856009157
-208.771934045
-55.8773313394
-162.656539267
-144.141518247
-71.4679157363
-63.464396469
-62.9819830267
-44.0950458611
-1.17443440514
-143.015509833
-113.92957007
-95.2652525567
-54.0980955433
-78.9399027541
-40.9376272556
-151.712814213
-1.3575532368
-62.1912840352
-83.863825354
-136.578335518
-54.5565939756
-54.5454004257
-148.531508607
-128.268708223
-42.2894884463
-136.263999253
-8.9204445691
-34.8914223533
-2.08912362968
-61.5780142707
-132.37727632
-54.724373425
-4.81472489444
-58.3871146245
-52.7443151086
-155.971674233
-82.1002961118
-51.9969883119
-43.063795127
-98.6382716087
-117.65617321
-86.7093873307
-68.0607449569
-121.208655764
-63.9641986624
-92.3063001928
-98.6268802958
-37.7163948391
-30.6220152712
-50.1608405034
-56.6597876145
-128.179673584
-83.1472702227
-69.1923253062
-57.8513834446
-97.255351284
-196.228446061
-39.3264296374
-115.976721121
-67.3972111276
-157.598001081
-84.2107312104
-116.598787305
-45.2690629142
-32.211801843
-27.9210877675
-153.205461567
-3.68769060268
-21.9926548122
-86.902920614
-55.2939312147
-91.0101024699
-80.7081555092
-63.3385520075
-81.2399034018
-64.3738380808
-95.9420392648
-55.2486832982
-134.763262022
-50.3551488687
-130.752888945
-111.34492473
-107.027692989
-100.880383854
-88.3640129107
-110.033628618
-69.6838413726
-100.776484427
-17.6327558991
-124.512933569
-70.2944567736
-63.3250635188
-54.8260424338
-7.73843130252
-115.919254469
-242.316457863
-71.9357781405
-70.6183250292
-56.553461937
-44.8371642113
-56.3976803146
-64.2180000834
-70.0258142931
-69.7744673312
-105.338541264
-52.1178858288
-39.694221384
-134.038127028
-258.070172473
-25.8724398353
-96.2604563207
-282.839982582
-90.9299706881
-77.5643876343
-87.0931563374
-72.765785286
-120.233903469
-112.281414598
-141.855551643
-141.166231423
-82.1387027755
-76.5469780384
-67.2444246085
-7.87830594833
-13.6954381815
-32.6211945232
-105.773703249
-12.0233242693
-83.2697777343
-14.9018764819
-83.6625241153
-59.8989617113
-55.9446352457
-67.6132182247
-101.27997112
-88.4086805196
-75.8799627901
-21.2933213306
-49.2882692596
-47.4929090049
-36.9768450987
-28.8460991419
-35.3360875456
-116.675818918
-120.914640234
-73.2972935042
-43.7988870546
-92.6030226103
-53.3672691515
-260.487371298
-10.9859761692
-57.1487683187
-399.922402625
-72.7179483802
-49.1312900528
-77.282077664
-94.491451443
-112.479367602
-81.0159499111
-12.0184587071
-78.1785614345
-131.752158958
-111.770900045
-64.1524363179
-19.580947752
-30.6594096337
-77.9801224769
-42.1326626872
-19.699237347
-69.5877819462
-43.5572674616
-42.5219035691
-101.184988825
-38.6706202634
-28.0746960284
-38.2137335311
-101.879392701
-110.465953312
-138.64465591
-114.674084812
-97.7159342632
-92.9222896365
-80.9074703826
-153.153516737
-106.238502054
-162.439207444
-194.78343325
-29.1485316369
-22.2268553332
-79.8115325927
-49.1751724936
-12.8080729628
-75.7024335559
-77.039212501
-38.0505771752
-70.7859555451
-38.1285863779
-5.99852967206
-57.3296788316
-28.3190072171
-75.2700972171
-51.1304504615
-58.1639695065
-10.2771299518
-29.3800123586
-11.0741478387
-66.4050490289
-115.694540041
-80.145890904
-70.2081063664
-2.59127034992
-37.4133688771
-54.4805626926
-20.0022947935
-16.6085171122
-61.2594153704
-3.48931947427
-52.5304550681
-40.5689415376
-28.3613436341
-36.9035542517
-84.6930870397
-63.9910084415
-4.27889009014
-161.750368296
-53.9868240488
-9.45262113675
-1.44875334577
-36.2842264974
-5.9073281338
-189.26455467
-12.1113815993
-2.41698182515
-99.6849962122
-12.7813545968
-47.6589474542
-28.1317295488
-110.678854758
-114.011867168
-48.6522851219
-29.4890431382
-16.1933542603
-37.4244962657
-125.64380561
-42.9401789035
-39.4960935954
-70.2831806463
-80.9199369417
-160.313735787
-41.7375802148
-82.7723075184
-50.7594966856
-17.5968707004
-64.9820363154
-88.0465536186
-81.4085393153
-51.8564834423
-59.6003011204
-103.621647442
-86.3510095282
-91.4786890806
-84.8802975515
-65.7142526424
-133.281600701
-147.731044073
-65.6355489133
-108.289789476
-17.0081301161
-19.5094116293
-117.680315791
-33.3142199358
-51.9940154527
-131.466939599
-207.950839102
-125.454498172
-85.0163642719
-48.3727104306
-88.2189495605
-100.993882105
-134.565724803
-96.1871582312
-29.1644478055
-10.5213344593
-13.843236505
-34.3643503388
-73.1735567019
-4.65610522491
-15.3073497095
-79.3777482299
-138.274805611
-123.063570548
-133.593791886
-54.3383778571
-61.4894648714
-68.56826553
-137.503830274
-86.2638319128
-43.0326761337
-97.8106714015
-143.893799524
-54.8108228157
-58.9381704029
-45.4822269811
-38.3683917971
-78.5189373344
-31.3963357253
-45.1442667406
-51.3828300998
-65.1135526776
-109.36944234
-63.5313120537
-92.4692939573
-32.3036877622
-42.1996562453
-64.7081260336
-71.966645813
-56.3536604036
-56.9581891196
-104.745234193
-79.1469256075
-57.1932921406
-69.9714425428
-54.0559882965
-11.9689709338
-57.7849643074
-45.0143568589
-44.4660018558
-105.219846118
-65.9688674932
-45.8761011899
-48.5535302211
-34.5609070664
-89.4570949908
-80.7542608046
-98.5559955594
-51.9467540038
-46.3908275165
-60.7059388997
-21.4327221416
-12.8706132839
-47.0193122106
-169.321753618
-112.603249441
-66.7408152076
-47.7794407092
-111.596070212
-52.4054028921
-70.3880068429
-120.791844656
-76.506352344
-97.4299242297
-97.1479721839
-61.6204593914
-85.8005632767
-84.1229977858
-70.704276064
-33.2571226358
-31.0015552205
-22.0784138252
-173.789759604
-38.865735961
-29.7061838153
-53.1707907752
-149.401244541
-66.507875307
-164.956613311
-112.912745869
-44.1129137101
-72.0857136171
-260.111878405
-41.9421707938
-14.3105034742
-112.506332675
-63.0110995439
-112.554371045
-115.288604119
-15.856871223
-45.8128463645
-23.0484452701
-82.4638934203
-60.9742923048
-44.9390589157
-148.263761241
-64.6639302017
-70.2315100932
-43.2878299231
-86.686770445
-53.4479616244
-88.8624614647
-19.453584167
0
-120.970062146
-30.426444275
-65.3561467666
-89.7407420259
-13.1065789446
-62.6041460557
-106.367630692
-61.2327142552
-78.0018726299
-41.4091589976
-116.480267476
-55.1994526857
-51.982624285
-130.903353682
-68.6992279557
-105.476421856
-61.5738370829
-24.197264063
-68.1466226876
-38.3391344769
-56.5855100447
-71.597357198
-30.5162403761
-92.8543771352
-63.8258094307
-285.010444571
-139.335149613
-37.3701155363
-109.780325335
-62.8217036366
-25.9855599068
-125.267322118
-54.3610211612
-91.3393727825
-88.4891733954
-118.095128958
-80.3912815519
-13.071610072
-2.801109492
-115.97381769
-102.776801155
-70.7481023653
-162.759971042
-52.1812336241
-193.976147202
-31.0547117616
-71.4237229276
-137.534652465
-66.9250493566
-180.98828556
-135.735353825
-44.0256918723
-165.029311028
-120.358669067
-89.3933303757
-97.0546834718
-46.9327683892
-106.123976041
-136.410367842
-34.9884968893
-20.7609575958
-104.945310141
-182.535466301
-33.9021725126
-91.6671714816
-238.155193893
-128.959047618
-76.1128466071
-24.4541547893
-131.451889042
-166.806351491
-67.7103371036
-29.9896692199
-97.8667296637
-65.9671470878
-24.6724922571
-90.3393441719
-142.676641709
-66.8401282416
-75.5093857419
-24.0101811182
-100.388434309
-41.6695840183
-62.688873719
-140.19059717
-28.8972829267
-48.7613289883
-80.9810014049
-63.9011430973
-55.879404537
-93.0603955356
-78.096773752
-44.7502554802
-95.8884909475
-233.308268382
-87.7869456532
-111.322375521
-109.545183145
-139.989265293
-42.424356838
-115.221602295
-70.2211765948
-52.7085172723
-63.220092137
-62.8489147424
-24.6686385426
-7.52530536203
-26.2935739507
-68.2044781545
-33.9594526222
-27.2328862201
-73.1509141627
-56.0445422156
-34.56544089
-72.6117776567
-36.8657501432
-66.8480983523
-46.5078235598
-101.38393446
-72.619892735
-72.5331493866
-150.458375019
-136.410884909
-137.370073996
-81.2810417516
-121.892690898
-158.984708066
-43.425698987
-89.8464479025
-32.1150162523
-100.002926774
-63.9030492628
-147.830790896
-65.9622751216
-79.1735354022
-154.004974555
-64.3811599598
-40.6344858034
-24.4852188605
-12.6775306119
-56.3794509552
-68.1817297064
-30.3038518017
-19.1998427804
-77.18151986
-47.7075642506
-56.8275679122
-36.8605970731
-72.744562641
-23.4830358241
-1.36035664759
-49.6593505926
-51.5527224878
-96.664889766
-155.898942258
-53.1972749176
-73.9243298549
-62.8241608336
-119.528915413
-1.37760799186
-79.8168103518
-36.2508182037
-34.1697978772
-113.507856598
-40.6946096497
-20.8485464461
-34.5015697843
-55.5596994884
-34.6138485695
-100.060543364
-44.4294702907
-33.6762772977
-79.1470119071
-25.4255727704
-84.9485545794
-34.7865711654
-1.12365260053
-55.3228791343
-55.3590694142
-116.863197061
-63.0348710634
-5.06245910793
-82.9343028126
-33.0952541704
-28.6366948273
-97.0735627246
-25.2949487928
-95.6790213002
-1.36946400971
-48.2746210751
-10.523944866
-82.592853031
-161.121768478
-80.2986500264
-9.65140669124
-35.8645856133
-50.418969404
-71.1528346584
-98.0176405809
-19.2759192901
-34.7664022539
-74.2144301434
-56.3920681712
-44.2882693872
-73.730579831
-121.625623436
-141.487913265
-19.8836238186
-37.1597151316
-47.2579230986
-13.4744757102
-44.765669918
-47.1693570925
-23.8377544897
-44.0806617138
-54.0233780936
-26.3431454375
-24.5969981094
-10.6508370172
-48.3449062272
-31.7826835144
-55.6013363769
-48.2090744607
-43.3418859003
-50.6719728589
-84.4513593093
-26.6318827923
-73.307529289
-64.2806276482
-55.7691616156
-44.7813604709
-107.241071545
-57.5912138042
-78.741390278
-28.1025479228
-116.652047239
-41.370743997
-39.4704424663
-125.518539994
-41.4026367473
-34.9832657166
-18.8469933689
-60.4466109463
-16.7843076881
-52.00798203
-50.614860902
-24.0817510565
-18.5563433102
-31.4441159162
-19.9602737274
-110.706494333
-60.6351191135
-31.4682859611
-28.5459028377
-121.480391993
-56.0720923992
-59.5916953664
-53.0476710406
-30.8337092175
-72.3108980181
-6.23672885457
-41.5068904996
-30.4973910364
-114.834601205
-38.5598557002
-94.2200141167
-35.2480219883
-80.443338499
-6.94055318276
-126.835681862
-25.6147459532
-140.063744243
-160.865154566
-112.537957348
-110.396448062
-94.5194040106
-99.7331136309
-163.383565088
-98.5238640236
-31.304163199
-78.0402193325
-22.2331607069
-100.639039537
-84.5485471335
-49.483571922
-120.038023861
-20.345919923
-170.922830092
-103.572793236
-80.6555011875
-95.8520656845
-130.412156162
-133.199499618
-70.270304963
-124.953421975
-73.5997261246
-72.5365441449
-104.962887921
-91.9836654348
-106.028032893
-46.1962684043
-13.1836902982
-99.0706156921
-40.1252530511
-71.173483605
-214.634838659
-90.0611800823
-36.173406877
-112.714427246
-161.862037302
-25.3942497335
-40.4966869398
-35.1945188262
-103.407779179
-90.1794056961
-142.486691106
-85.9055224471
-167.929625681
-63.0600028315
-62.798565347
-87.4225019323
-61.2788624405
-306.003358827
-40.0152993784
-124.226130739
-71.6425300239
-67.1162401383
-100.588234697
-85.2653871851
-89.4297021583
-16.8788729895
-147.498623336
-41.5832820125
-124.213792937
-148.508238065
-64.6736704121
-110.808563652
-91.5444848166
-41.4325479994
-76.7997848396
-86.9354972445
-63.3873823653
-112.601593339
-18.5199912229
-107.140322005
-83.7890202502
-126.05045091
-58.5672942144
-82.6139724445
-87.1950012648
-49.583124432
-34.7248387053
-31.2770452163
-220.5051295
-104.141416889
-68.0035703939
-43.2690240147
-100.647938469
-30.0877532901
-132.379206537
-90.4111213094
-26.3212763868
-76.4819019776
-112.538542328
-48.3584146571
-68.0778962556
-44.2851706835
-58.5087803244
-128.702044913
-80.0058583341
-97.8247022168
-5.40206453629
-91.3108885676
-64.2481293067
-73.7633247132
-31.261055725
-74.9814796851
-36.8301835794
-73.3611047087
-34.177234419
-88.2260962889
-94.5459149699
-144.919196331
-194.643845984
-39.5503260603
-87.9970977696
-45.0714668167
-10.0504660911
-71.8272522264
-42.5733704577
-118.135632708
-86.4612354962
-76.4321112603
-36.5715236931
-69.6157371419
-56.1306669313
-60.8742189186
-17.9534335118
-21.9380842719
-77.6997741267
-84.2949301255
-71.4488546435
-16.2444903202
-14.9942880979
-30.2954487935
-125.675751506
-7.93600335497
-63.243656387
-78.3091293816
-87.3989368483
-14.1828313309
-92.5135570536
-66.4925407258
-128.564036274
-89.9700240445
-85.0928101377
-58.374997606
-18.0605703997
-28.5148796181
-63.9118848058
-132.001741624
-57.1545852236
-122.113741178
-18.85715955
-20.2965870189
-32.0708756718
-99.9267632593
-19.3611377701
-74.6719115262
-68.2180036694
-24.2894979165
-66.5492862476
-70.7586566729
-115.224185831
-118.802548141
-121.402137104
-69.1288995039
-57.9054412206
-4.63301540198
-76.2703136883
-71.3590342502
-146.815807666
-78.2307548406
-96.150519528
-104.424680544
-102.07705783
-82.1568213682
-177.197837128
-71.019396319
-138.991485027
-63.3813688301
-36.8281597642
-80.8301815645
-54.1642925169
-39.0108697169
-38.8388338456
-161.23249079
-100.333003615
-24.8079647162
-133.830385889
-154.133721303
-65.9787620395
-58.095823479
-37.494189391
-43.6880012107
-29.8381563559
-29.3964530549
-47.775450277
-80.6071730386
-69.8809057889
-17.2929119394
-28.9847562856
-30.9485628028
-77.3726015504
-106.61348315
-80.2588445922
-108.330175912
-6.56106047489
-112.707287686
-100.585987212
-53.5284630893
-64.0274953615
-31.9582935645
-142.795258175
-36.7281585165
-29.0491229724
-66.2135881931
-66.6968984878
-50.9006302141
-124.262506458
-68.4608683909
-41.441854464
-57.1956945677
-56.2408450272
-54.8681558048
-68.6854600443
-61.8524452533
-60.3748450581
-62.9716802046
-54.8525661614
-48.411909705
-59.3554934729
-81.3324546087
-53.0597051771
-115.816887848
-177.058152103
-28.1522454565
-33.3837276885
-37.2974471871
-96.4653928726
-190.734660684
-58.4475495465
-117.989050478
-62.4287107521
-79.8667655444
-129.953774363
-49.083376648
-175.832592223
-17.7835083371
-65.8040540774
-43.6241617148
-26.9405607643
-68.8044950968
-93.2129141866
-63.6712040703
-34.2088531339
-54.5348884561
-101.522433898
-8.35881288372
-10.9415564905
-81.350558792
-115.970235326
-191.440774411
-41.0245187226
-76.7969371324
-64.0080259847
-94.9834166113
-114.161955578
-63.6010546986
-29.2202097435
-17.0525261881
-33.1813401299
-61.9096710982
-142.751474478
-40.9428591218
-59.7115818418
-69.614110044
-54.72095522
-71.8183804931
-60.7266646871
-82.2122183769
-78.0176711869
-26.9998037907
-49.1793102656
-97.1779293192
-11.4738744892
-47.4270099624
-89.0412929499
-49.5917426199
-42.6406212953
-154.270803885
-76.4247863603
-18.9731581813
-45.0002147869
-80.6181606254
-60.5856462968
-114.573835287
-46.9846939851
-52.380533276
-38.2992495575
-81.4863110056
-69.6681636889
-52.2463570667
-56.3677154493
-38.9976944408
-99.8871588692
-132.953717096
-136.467710846
-61.2754582024
-15.7835778617
-38.450507506
-51.7103293956
-72.9662174191
-50.3076817103
-28.6177244788
-71.023153833
-113.07542972
-23.9853984169
-107.90686911
-147.498882438
-113.936084956
-110.208169569
-69.1581197497
-43.3281483685
-84.6924779907
-82.6560321269
-83.7403945868
-183.851361265
-71.3000236618
-143.97324063
-177.210305391
-212.782364751
-121.861562232
-58.5398229449
-148.944117303
-96.1131246833
-144.665006822
-113.654030665
-108.102770974
-60.5209260025
-152.114812889
-149.658424129
-110.747076089
-4.92127272086
-112.112351104
-158.411507149
-99.8428414638
-39.2551505771
-49.7846342806
-92.4924276261
-63.6082631252
-18.7345301563
-33.4816613384
-64.0068284238
-6.11634062952
-37.0380530889
-71.2731082617
-72.8623137629
-32.6691795171
-43.9311340264
-72.0525826648
-71.2033741902
-50.2973451546
-48.3962236994
-25.6254905956
-44.4197039124
-56.910234952
-104.264840768
-20.8872453805
-64.4141750266
-15.7208082326
-51.9332653089
-19.7144334019
-53.8516235054
-44.270763723
-47.4580736522
-46.663567918
-61.1110990591
-47.2919536433
-59.5866455488
-27.2779496373
-14.8359496571
-50.6521897095
-67.6007159726
-5.41750115456
-38.4844134703
-69.2135484291
-143.44097109
-34.1665557253
-16.7665646006
-45.7506808188
-131.050352654
-79.479750108
-168.100920415
-52.7767019147
-23.8140990709
-79.846778039
-67.7563244358
-27.0296989797
-89.3854449328
-70.1609304287
-8.86769911276
-25.1027011306
-122.406761601
-57.9013543947
-29.1959538119
-31.67271353
-95.2835397868
-96.7303346123
-147.104145044
-54.5476566763
-109.9632564
-49.5531847012
-65.0251585998
-27.0348794372
-62.3981181667
-55.4333660306
-52.9742018421
-58.6361994034
-87.8030007583
-42.3846106475
-57.8901166824
-107.83267094
-16.9847560326
0
-21.2213850702
0
-33.4525801196
0
-67.9517676256
0
-34.1124121253
0
-62.5802100336
-31.2806729902
-72.0239670622
-112.414296077
-138.313537182
-20.0623612855
-99.2330542836
-64.7078336308
-2.88290487658
-130.589695308
-79.5018612285
-44.1999779142
-107.466358095
-61.950497028
-140.925606782
-169.820653214
-76.4768339685
-63.2699403278
-141.818030188
-73.6317820771
-109.594191294
-59.5281434484
-37.9059188264
-78.1808409286
-35.5798407252
-86.4423798395
-116.051638072
-8.42342447504
-20.2206928461
-99.3845437766
-70.8116386898
-86.2992084997
-80.2015279901
-58.6907108636
-103.192010622
-14.6680469137
-64.9238288225
-50.8097889164
-79.5794366533
-46.9620896595
-31.9448854378
-61.5858262721
-66.2877120076
-31.4139652219
-36.0532754791
-99.775092759
-83.3602585601
-47.2981871841
-91.2912492238
-147.395491648
-121.646468014
-113.434213361
-141.730823207
-71.4610699561
-64.8818897152
-31.5827340542
-54.6700775423
-27.7885435577
-49.5088948823
-48.0316834796
-76.598886301
-78.7127093098
-91.4335496156
-43.8235087314
-24.001398805
-84.2755808041
-99.456855343
-64.625801685
-128.544577482
-139.362227202
-46.9571124936
-26.8360463137
-37.6011688887
-78.7546721266
-93.6357690271
-60.0362116886
-113.602340391
-72.4301039697
-130.559783406
-49.8842432779
-14.881774539
-98.2859021397
-34.2647940022
-102.720018077
-55.7772551374
-65.0384989181
-46.9524265561
-65.2932207048
-55.3830102557
-92.5640021123
-84.952905985
-103.936562743
-54.1089889231
-30.7118117962
-75.8684080487
-89.4560287207
-55.0710923421
-139.161424068
-134.747780384
-48.5629113855
-86.000088887
-23.7507238163
-44.6008899693
-160.79397074
-68.0775134082
-66.9231572559
-103.722720543
-88.0246339314
-128.922415364
-123.995363742
-107.029090845
-40.429378321
-15.5141472004
-13.6159006309
-97.1190494126
-58.6681533642
-39.7520014563
-19.2186184085
-75.8105679257
-37.1392070853
-77.6420027192
-129.509223078
-58.9647460211
-41.2448602414
-67.3690397396
-83.5265508759
-37.2246162688
-58.1305334726
-13.8213419107
-101.188986982
-120.568899273
-72.3095074543
-53.4932661727
-56.6815403604
-66.0500174149
-61.9845998074
-67.8392267877
-87.8897372961
-40.1789792002
-56.8875191279
-40.2137302609
-127.05225739
-87.9075427223
-82.9786084822
-105.133101265
-113.678074275
-32.1021745291
-38.3827977693
-36.0082103307
-80.0316597937
-91.7153851022
-117.501137627
-66.1083354731
-160.14186658
-74.5718219883
-48.4802343665
-65.9594310576
-8.31234685262
-89.2743021907
-14.4729245831
-52.2599330251
-55.1218483662
-127.109108929
-101.271672475
-63.5425415919
-54.4403619507
-7.90213979889
-121.848292688
-54.3280843074
-44.6101242983
-53.2489196447
-49.1512777175
-92.5754008758
-137.186480859
-9.85690637149
-45.8890401459
-107.011480473
-43.2067741076
-32.6682525985
-33.7549093412
-115.730009415
-38.2191628329
-51.4327804492
-37.6742286364
-133.022106888
-33.5402097127
-53.7981511579
-89.7564790336
-92.5540492343
-83.2580073973
-71.3703239973
-134.654831773
-37.8692000542
-35.3841911129
-88.9859177453
-42.1492937218
-56.4654337948
-51.146269126
-83.8775588593
-156.937557745
-207.472604041
-50.3002255951
-72.3889959238
-50.5202584664
-50.0417186472
-79.7444459036
-71.5067688215
-128.717070832
-103.435347976
-40.0957986589
-84.8791594314
-74.120864909
-104.148684078
-279.416315402
-83.1139537087
-13.6549729813
-127.731519028
-205.664898618
-77.7781689228
-60.5858350704
-83.6284644073
-42.3568182171
-163.476492955
-117.186810239
-184.785993505
-76.6754969217
-116.907371409
-161.895559666
-44.7517980718
-50.3613034419
-152.104434185
-123.073375629
-20.1019400825
-188.554115256
-78.1553613919
-38.1997913697
-84.9232500768
-100.864135403
-45.6135987885
-42.4570460275
-42.3016673994
-135.31082876
-43.4364358804
-107.126926635
-9.21236103794
-112.54193428
-130.784457889
-133.912807214
-55.9566518099
-62.7565792503
-104.300366146
-134.243294291
-73.9392119049
-144.753088771
-55.3386095316
-12.7817216072
-91.4216096243
-41.1404074749
-52.1711680687
-78.4264156776
-89.9073812035
-177.278604663
-129.794584211
-133.815694145
-141.11465776
-120.353787164
-89.9980657343
-216.587457839
-47.9883632607
-51.7383680983
-95.7396890803
-15.9852065043
-50.4084591465
-36.533314368
-145.383172606
-22.3732027309
-129.27150171
-33.6870002054
-11.1166777688
-47.5975549831
-76.308818409
-143.221605906
-127.592367454
-19.0225329212
-15.9012509784
-129.798109063
-62.2798604887
-135.351355956
-138.784161176
-159.812578332
-32.6273783775
-76.76207874
-42.7392892047
-39.2554891494
-52.7097343957
-11.9456169118
-19.8043657477
-103.386901185
-109.970726437
-130.145267305
-61.2564768284
-77.1998186564
-49.7990985112
-68.5581321493
-39.5909739616
-63.1814270607
-41.6298873485
-75.4412269159
-45.0968597597
-28.2110767287
-38.4221591894
-15.8814765706
-87.718665828
-167.674190585
-100.716326883
-14.2141498696
-98.5703934548
-182.28344002
-113.419483553
-70.7888867334
-76.521670757
-28.7249308462
-42.72742319
-43.2395121424
-28.0786304949
-37.0639524742
-74.5148890868
-90.6528208855
-53.7401354811
-25.2167929253
-111.0735793
-99.4938350984
-75.345697791
-26.3514294314
-123.596890515
-55.1317280354
-51.8460527206
-52.9199701192
-11.5653414715
-60.3395531432
-74.281874062
-3.70133163644
-64.7492278779
-24.4041508064
-54.4410273592
-46.6469312485
-9.56350358428
-35.7181182702
-71.4459562396
-78.5683782426
-61.9045778735
-55.9448028233
-4.03675035992
-23.2357718516
-3.68483573848
-58.1598871543
-96.4511634313
-0.553949923359
-111.325462588
-175.708368856
-88.1889783277
-178.803311501
-43.4452542087
-2.72415938718
-54.9187218056
-8.24906955208
-24.9627665575
-122.675039947
-83.3455852661
-58.9645946474
-17.8289227512
-71.3430832379
-76.8853490538
-16.4167865255
-2.04220906409
-4.58440295966
-10.1126734726
-8.07347169479
-128.660394034
-32.6790679012
-64.3468508481
-77.9371646354
-36.3665957764
-30.7826525855
-66.8997245423
-91.8832031413
-8.56208334714
-28.9024179944
-19.885532382
-49.0535186331
-85.2577363316
-17.2824370111
-18.1780770818
-76.460954294
-95.1112626484
-89.6869154033
-158.982020449
-226.865699765
-78.257603964
-78.4546395455
-69.8381270544
-93.753041582
-18.1321859
-215.005273774
-71.4742221177
-135.291177401
-50.4622553917
-45.1048184865
-76.2131061719
-113.871483622
-14.4529206365
-15.2187551172
-48.5050892497
-114.600444108
-40.1563050874
-31.3286648961
-37.601479933
-130.672541546
-28.9532687763
-72.0808933298
-69.2971531456
-56.624439422
-143.764716069
-104.360005472
-35.8782435373
-17.0274036036
-64.8498107962
-66.5859984456
-85.7328612853
-28.9457413959
-79.881798282
-50.7842564268
-48.0081237546
-99.452337969
-37.1797222687
0
-132.149829725
-56.7589260727
-130.175102193
-137.485413172
-18.6214511792
-13.8991301499
-11.0802908214
-106.949651883
-29.1156468574
-54.9190844054
-208.508069462
-19.1890375733
-10.9088538363
-8.33277260922
-6.11996304302
-51.8913575043
-90.8155385752
-20.1974689881
-150.018363382
-46.1951312131
-20.4107517599
-9.78323991371
-121.167619724
-104.228805029
-30.0379901619
-58.6659767464
-160.454383724
-107.922638665
-77.9306102199
-47.577061708
-75.2335003953
-5.51431751881
-2.8788226346
-82.9670447896
-17.959546746
-25.6709415847
-7.36742913757
-62.392097696
-25.356985413
-14.3482317264
-33.235652265
-91.289663335
-35.7174584748
-72.8451208786
-16.3492643041
-35.2804713345
-56.0178570104
-79.2470430587
-54.0962215692
-33.7083556501
-21.6506955513
-62.4039693883
-56.101301157
-95.6369175516
-63.9773701218
-47.552614189
-133.757463826
-26.397005423
-74.6460907692
-47.8063575143
-88.4300706237
-44.9046552649
-33.8504229945
-34.872650637
-92.6678543167
-47.7232475472
-45.9283899504
-45.3101134477
-109.259475329
-67.5068794425
-57.4080349343
-78.8672516158
-81.1596106413
-22.7042240744
-22.9819115494
-37.1374208155
-36.038805591
-43.9107228258
-57.9227365145
-29.2710874339
-80.7981018244
-75.4631048858
-93.0967186144
-91.674743607
-24.9019409684
-221.280646048
-61.9057450781
-49.7112692093
-35.9837001845
-22.3215373455
-40.9916203549
-87.4697673767
-55.4374125006
-51.1281500001
-68.4622289436
-70.3906480787
-104.37240339
-10.8048262971
-77.8622161881
-49.7693210644
-37.9367301438
-71.3276761385
-110.23830039
-55.9564204556
-59.8238658582
-60.3895933657
-79.0558140339
-80.3437434887
-99.461305732
-57.8915086687
-135.820531642
-100.210396953
